response predictor individual
24.3256610483615 -1.02393278779038 20
26.8780884892455 -1.38765057998806 86
22.7412197818432 -0.0492211144061267 56
19.7055863070128 1.81096073048314 77
23.4601678901821 -0.0995100657082667 55
26.4597326269913 0.777237124297383 114
27.6968733896313 -1.10259632518001 107
27.6614075006108 -0.221644782701794 94
22.2545268478044 0.5660949625959 6
23.1718485494163 -0.354959345255063 77
27.2120434013894 0.785262601468044 18
25.8385409665491 0.694047378599404 51
24.9702563686049 -0.632729895584955 5
26.8925148047751 -0.771958641961308 47
28.740160566258 2.3578173876011 84
28.6878588231132 -0.19254933635981 89
27.1725911978104 0.00661933421419712 40
24.6014548730031 -0.0545460246273611 44
21.0905675044807 -0.568206880540376 4
26.960448101359 -0.926975943696645 109
25.8507982824683 -1.1357351813807 25
22.4770381931008 0.913962339054452 108
25.1497205929438 -0.986062833322873 20
25.0243615510561 0.66748541348963 85
21.9467221390649 1.40659548970662 75
23.5596480007282 1.15777896011788 107
25.8068743476055 -0.138753197573533 86
22.6581413848939 -0.539321850960138 104
25.274555713802 -1.07889349906152 13
25.050327966126 -0.0185621399511091 60
28.7264960396303 -0.232615685678704 102
28.0578147223733 0.15629354251416 57
24.1097914717827 -0.604009754754033 82
29.2375725085577 0.629035120121665 16
26.2579052135042 0.714169570852022 72
22.3812684855905 1.07588610128876 36
23.643069805199 2.24975551737932 73
23.7610390130655 0.197890598879292 114
25.0352514523971 -0.575546318478704 81
24.4198463924415 -0.0773208650045946 90
23.8622175614313 -1.62791988910102 101
22.135609434668 0.129923153969037 24
28.2703112866983 -0.425673133260061 36
25.8671172094099 0.406011748521125 13
25.3686254045639 -0.268810185638072 63
25.1389887704571 -1.38098453629771 117
25.8622211420663 0.0365833213445593 120
26.7537682456536 -1.35324453117639 37
25.8536004338462 0.897006193942258 17
30.4198480068942 -1.82935971226393 55
23.1430028137316 -0.141876944171991 74
27.1691281505107 0.457981777842779 99
27.2366957734719 -1.51961751308999 10
25.0997739618144 1.39905531466027 27
22.7592012553692 -0.885339190903023 71
24.3013630396855 -0.506330291221321 112
27.7388746358663 0.163332105966331 101
25.5678451860071 -0.337143856258392 106
24.6474219393068 -1.03595153200983 2
24.6040303393875 0.409337928216715 47
26.9414564956609 -0.524223458216886 34
27.0016768879191 0.506500373524185 5
24.6728450353588 -0.504722862774708 119
22.5168638757411 -0.957250328953504 32
22.9479462605305 -0.0946343584532563 27
25.6324314101669 0.649439317610584 22
23.5311632168708 0.242321799327066 10
23.197555319366 -0.0589340902617142 96
28.845048263058 -1.94779407157618 82
24.1368578361733 1.4514436318915 9
25.6188901253706 -0.0399396776377224 29
23.4657863073008 -0.863997691069911 90
24.3639474831855 -0.201690239712518 112
24.6763808408428 0.261255562727432 62
24.4783361390955 -1.51835138330586 104
26.4199553812944 0.717308632275803 12
25.6781722927677 0.246832728096417 95
26.0372871441811 1.20276704630509 86
24.5982764505544 0.986039270447351 10
21.5550186473794 -0.537940599062239 120
23.223344390319 -0.490282741813956 77
23.355617059234 -0.995516172562447 91
24.7524872257738 -0.361702928254615 78
25.4089496810133 0.944354811296923 73
26.3119481355185 1.79220701161545 3
23.3313692811872 0.928409395864299 93
23.3750448287782 -1.82993766963068 89
26.1755682623755 0.821878106163116 34
23.9502295512386 1.0362687620034 75
25.5470495171986 0.617420144129801 90
29.786705945945 -0.854930363118786 18
28.6804086672287 1.06451051848471 25
24.4871219961875 0.729481458103667 51
26.8608195913559 0.66265658435809 32
23.1403160158412 -0.381407202704243 118
22.3111748835857 0.845891777793581 58
27.2075803616627 0.111591884445813 95
24.7391860064165 -0.0677702616560359 66
25.8550641934383 1.48709809651828 13
23.1823455672355 0.75722337664623 66
27.2857794608186 -2.87404249339871 65
25.9658457690027 -0.426542449077482 38
25.5460798972013 -1.48740629563197 116
27.4621121544819 0.588791645710936 101
24.8321988499209 -0.44259951077578 62
24.1170265648394 0.901304802320198 38
26.5643496150523 0.467828340367688 37
22.3447803214958 0.0220403186670302 66
21.8504661643116 -0.0851078317956122 106
26.3910084500857 -0.361267142653458 48
28.756681531034 0.199506501537268 39
25.4986477581152 -1.1082542547003 18
25.4315557547015 0.672794070486354 50
26.6401370194202 -0.39411363337364 34
20.7274090369358 -0.743967585584992 97
21.5534360916551 -0.32611347678341 59
22.3124056175888 1.87466882681447 116
24.9718184404721 -1.75799914534674 100
27.0025991839484 -0.348860909964869 25
26.5905502614149 0.106589229118385 98
27.7992644897507 -0.537658781205147 50
24.7542309686123 -0.411269131911835 50
26.7725727146838 0.382348337976121 57
25.1798312369932 0.222514088542642 53
24.2856711379147 -0.673754508319701 98
27.0836011889155 0.567432913870525 23
25.8639548802329 0.17948365476 113
23.846620837277 0.686341749488027 19
25.680427033549 -1.32726366148341 115
26.1136192688466 -0.767916438222332 33
23.4510130239849 -0.192702508672789 50
25.5881901134272 0.95905119808221 31
27.1927677851397 -0.529031361979442 99
26.8758572442132 -1.03288699095086 81
24.9787585935561 0.771745490447405 23
27.2674993778123 0.465356664198533 117
28.1552782645868 -1.22567106691397 36
22.1037096567426 2.04667724022033 14
19.628695820751 1.49867444889729 14
27.0598540019114 -1.38894908467684 117
23.8515089782697 2.15337646372281 17
22.5917322069722 -1.72911674054936 107
27.193157772559 0.102042485094495 87
21.3895516671441 -1.14127912749709 2
24.8378052870334 -0.377009088203781 93
30.3686530657039 -0.348782098762047 82
23.4832118585348 0.322885081228563 71
24.0789615010716 -1.12433961794016 78
24.6695731977317 -2.75704972232067 27
24.8992433381533 -0.0958110991197285 94
21.9384341727723 -0.746699804956649 75
25.3566852338297 0.210781418005385 18
22.8048346392438 -0.848509808508819 14
22.7497309861805 0.792264765704344 48
26.2820389547325 0.0291874325756546 5
28.7511613195483 0.603388012483792 15
22.7161039824212 -0.994940104813448 37
27.76961625798 -0.211332458143761 117
24.9984002130115 0.344021087496185 41
25.1691705508178 -0.0893785289835366 98
25.18413388337 1.6540374665165 21
27.0556845329828 -1.96290871320897 69
25.4307455139963 0.756125511499489 3
29.3949055412391 0.0144186579430547 82
27.8337137360644 0.945713804060792 41
24.2204535795018 -0.098808492386284 52
21.2041784917446 -2.73975424338714 85
26.9313075995476 0.420305849423153 39
21.8216008466719 -0.218379262260984 95
26.333942066004 -0.989355329598254 65
24.2629416198936 -0.656468896184539 114
27.6148727802417 0.055663548201307 28
26.2759162295378 2.45206344477497 62
27.3345477645972 0.18817357373771 70
24.9409474084097 -0.979696368377701 119
30.4257776575671 1.90361046750456 37
23.9125717406695 -0.438519782195613 81
22.9254651516621 -0.829726095585463 58
25.6880373576615 -1.247231318762 53
25.8032545570681 -0.673809163087791 6
28.0866217837845 1.93516726396696 4
24.9803456798767 0.906561434864075 76
22.9311133123631 0.736526771427079 120
28.3555050825777 0.146625304045126 1
24.0287369558955 0.283120796739 111
29.1267467347932 0.589276720770128 106
26.2556296317515 0.215849476577042 89
24.9261649778809 0.155053234874317 105
22.7432470221177 0.953826636303852 105
25.0110815264898 -0.165852702479289 25
27.2161255748044 0.25500374557096 103
25.0282262290964 -0.897472359354659 88
23.8656627052885 1.58397010470279 97
24.8581344536739 1.39275862816597 42
28.2966672619846 -1.81225823172892 100
23.1322220157223 -0.216319678589458 85
21.7041790431193 0.549856056710878 103
25.0144565590329 0.482736237517578 14
23.9841986434511 0.760848728950074 30
23.3532796180374 -0.445658016934015 18
22.9641831157267 -1.20533341962352 48
25.0492980965328 0.301466739764715 83
24.0843886133773 -1.53914522359563 66
25.1912434632486 0.635370723493615 18
24.3238315959992 0.702951774755151 24
25.8254262899964 -1.90588286461734 54
24.5008989777041 0.938921449556239 119
24.526105136952 -0.224492105495794 119
28.2121303351349 -0.673816775387947 12
27.5925446301818 0.445787444805667 68
24.5676401942485 1.28061710689861 67
21.6050156512736 1.56513013425123 14
19.7277918445112 -1.2005460361895 26
27.2467920077809 -0.437694966373986 81
25.8369376988815 0.146381481824469 65
25.0815305519399 0.0660190755538856 93
26.6754997796552 -0.445036015296508 69
25.1336355463805 -2.3421123864415 26
27.6732684201986 -0.278382367507851 58
26.5480546895847 -1.18180363234485 91
28.0259414795626 0.033125272564001 1
25.238157763449 -0.837717011840538 57
28.0286152288119 -0.117611080246289 1
25.3419941052484 -0.741522571129195 79
25.619171795433 -0.408346969183165 92
26.61431542376 -0.377770760958718 37
27.05615908699 1.32836671199718 23
23.0478861913318 0.716436306841976 4
21.5684795503588 -0.232289188250961 65
25.9880048536665 -1.22622690024267 54
24.1946995023282 1.04753809093163 95
21.9141589075106 -1.43640718682383 96
25.848542900593 -1.18246892838659 52
24.2087228225808 -0.776204835813156 16
25.0598039319727 -0.972313509475749 29
25.2543138740741 -0.903657561191073 61
26.5961467545531 1.28720394604443 50
20.8346610756182 -0.106187600987314 44
22.8346426943967 -0.715870953657067 114
27.3044971053903 0.671722196477663 73
24.493944423253 0.19763362591688 113
29.3087423953256 -1.22009672533363 56
25.0458859412642 -0.560965120450964 117
21.656151400724 0.533732634411715 36
27.0271128989888 1.95031546468388 112
23.8149659644164 1.58194322960051 54
27.7794818663427 0.837787522236108 7
28.6727838451733 -0.0130696626844759 6
27.6701141608655 -1.72579596201099 4
25.7124608544832 -0.730853573681976 68
24.0516756444415 -0.215413865346964 64
23.8250035369095 0.490206668553714 14
23.8437633025457 0.0593934237561532 52
24.779680044825 0.0583120529245741 119
22.6860770096266 1.83836310657496 9
27.3623728814629 0.387650899413508 40
26.5122935615327 -0.280550724654658 3
24.843285895655 -0.428517737963575 107
23.7301053509109 0.0953249355319381 108
27.2220300195512 -0.813331408941419 101
26.3628507825606 1.36819007742547 115
25.1485010905621 -0.287536030090232 19
26.6914249382017 -0.528552423477519 73
22.9601165396617 -0.873012923256978 119
26.4841830406304 0.935893072400666 69
24.2010564145342 -1.27726732302221 82
26.9046627448346 -0.46873983893923 55
28.723259354458 0.312516273339671 39
26.6691533734926 -0.108322301643512 38
27.3225620561861 0.250790417333032 34
23.651100276015 -1.31619339420622 10
26.0495489707183 -0.430075449167385 49
24.8015707273292 -1.70410969758613 51
22.7706747525828 -0.842137365214459 85
25.2497817993277 1.14825059530873 18
24.5489572443937 0.252831535909216 57
28.3818351770956 0.0852871861245182 70
26.3378804616725 -0.933626130521208 16
23.7324687921145 -0.556819606159632 92
25.6276329660122 -1.01637031942077 1
28.5801951489332 0.0535252498211483 47
22.584287810293 0.765133606147259 66
22.8887178468095 0.299194815381504 112
25.8638531970699 -0.617615748213199 15
26.8642675858334 0.552787313574323 115
21.5192543722976 0.38790849886898 57
25.6469620634641 0.843210942250361 108
29.7768836683014 -0.440627586336594 65
25.4111335933674 -1.17936537325272 10
26.9833181091965 -0.084569065358819 112
24.5011525055526 0.302777695052609 8
23.6944879667666 1.55909373112435 49
23.2619031611068 -0.0696625273052436 64
24.6499732284332 0.427039414467802 55
22.5592043901922 -0.0832631982761803 68
24.9515760752849 2.15639774076182 97
23.9662489078309 1.33796805938236 90
26.255544095837 -0.232304447395243 21
23.6385815924036 -0.127404089947392 9
23.311922955078 -0.0216854042717521 44
27.22236823066 0.113254084384586 47
25.0574506854967 -0.565095410492474 62
29.4845392235289 0.0807003872444948 77
26.8867381256755 -0.695771406588942 40
21.1794141463023 -1.09620213295198 6
22.8521157745641 0.804440557754521 118
27.8280008701529 0.656644119934708 69
24.591373108604 -0.568030677344538 52
27.6828975917141 1.27278584148814 117
26.2642909502443 -0.192543915756971 120
28.6520820234742 -0.283665218588817 8
25.7324325872603 -0.953671712939253 114
25.4363727836827 -0.0243506460341634 109
23.0924565362504 -0.136985964857522 70
25.2244684659463 0.0675183911210883 103
24.5148481473576 0.445168359831976 59
28.2625104010072 0.906600388246007 103
26.9251056824221 0.327410566460573 82
23.2604785108506 0.992561626752092 111
23.5340766815347 1.06540057402709 51
20.9570120050326 -2.93048205538058 61
27.4105435964894 -0.362773742987749 114
21.4212084739689 0.569932538092558 70
24.352819922676 -1.11963547230504 22
22.5005648794973 -0.960650358604092 20
29.1038439991961 0.273736471912206 101
29.0692945265665 -0.441423288640161 84
26.0710872528291 -1.73148781767851 18
23.3979768086001 0.905854843976373 108
24.7488786856056 -0.840839641506773 117
24.7018361822767 0.386347854925968 70
26.1682242725897 0.412430114457017 36
24.6579320959801 1.52126864304235 106
23.5699559684373 0.196564235460822 45
27.7787550151776 0.665610352836782 108
23.0620146341344 1.14059109224811 52
26.1810626358441 -0.40638112804759 12
24.3158364870965 -1.65556135368929 57
24.2643698440708 0.1429300364911 76
26.9077664481898 1.32591430830883 89
25.8099082823633 -1.40627766063955 39
28.9500370098873 1.01213161499515 100
22.7660794793578 -0.0601308429578255 53
25.1893370302169 0.0994814242802729 24
27.0289360551989 -0.349221797505872 53
25.2717369328754 1.03685327959033 108
24.5952457511409 1.42415647914164 16
29.0432654946576 1.57084879138618 18
27.3998773540049 -0.967400733067285 100
26.0707166900616 0.759285844342793 62
23.354419805472 -0.376189654458143 22
25.0591002758179 -0.983409413915195 119
20.8826695068275 0.389895101103217 83
25.3160683443304 -0.0179507137482475 118
20.8566246888083 0.791724605090037 5
20.3269286789299 1.79239787563701 62
28.3546194856182 1.03671688493632 43
22.4518988094282 -0.695685615560389 22
24.8501364413365 0.139622664969318 51
26.7046849318057 1.41324549389255 36
24.408868461529 1.17443759629564 31
26.508290205897 -1.58478158266429 99
23.443859963328 0.946429920633797 52
23.6512584825299 -0.340514085118673 48
22.8872260522538 -0.625362690703707 102
21.5344861451381 -1.10120222898271 44
25.4789480884567 -0.31179546007352 87
24.4967060365065 0.688656505383638 23
27.2534076426253 1.43527187786736 26
21.9101281751316 0.138907098200222 45
23.6495336825344 -0.0730523864217389 50
28.9586580809414 -0.202335938111801 2
26.499303659934 0.95379933574217 56
26.0655532711283 -1.08119344744204 114
25.0650445652319 0.250018704551322 43
28.8310748968619 1.02162198057182 118
27.430762153786 1.06185151113365 54
29.5783408462631 0.417070210072757 101
26.96058105695 -1.16236615136998 47
25.1793132551704 -0.821084729814662 86
24.8983685182463 -0.720488257715399 119
23.618363228318 -1.44327196869698 47
24.9306554121357 0.0400203344434218 74
24.3780860125838 1.22294668396681 57
23.8958141966082 -2.44669391662971 85
24.1402730987188 0.758387891981524 30
26.807048881439 -0.202661654123509 34
24.7482067052175 -0.76913384719501 99
25.2952064469353 0.770008811410607 72
24.0620511164151 0.64838515883954 47
22.2934760036528 0.0962173786188587 74
25.0687080534083 -0.919643353169371 55
22.6959292818802 -0.704861777237915 79
23.360176986472 -1.61723406227759 116
29.8546916869845 1.88089390836698 69
24.2050530931876 -0.155594360847613 44
25.3601086075218 -0.754513748781243 118
23.4864293055917 -2.16095244416957 109
26.1602574337147 -0.429461680300403 3
24.380078232772 -0.549127904639596 95
18.9313790338327 -1.40231588288433 85
27.6937592824925 2.38397182312468 25
25.4762855941013 0.872944350978479 85
25.0115331149607 -1.53566588717424 120
23.9166444554315 1.1339752513847 29
26.4218395762003 1.04484016061832 54
25.0831089829798 0.589830688745609 63
26.6402113265996 0.399103734894867 95
23.3235854162481 0.14494918465514 22
25.7776325346125 0.619161217607744 5
25.8952022231429 -1.03261910609812 28
28.0049543923842 -0.649356138275683 106
23.7762496875057 -1.00200725819239 2
27.0833942176447 -0.165880959988503 69
26.3049292874363 0.14665629511642 108
25.4260139766932 0.602056524142745 23
23.1216247282151 0.529055525492821 36
26.7654151247391 1.44569584076136 13
23.3011077096108 0.59730928742892 88
21.9025772118939 1.25631692128956 105
26.1215362174523 1.09744204280521 48
27.5264168961448 -0.58846041309898 61
24.9950247135735 0.751301281506808 118
26.5411809572393 0.453514341017587 18
23.9037225820828 0.119178234168883 72
24.8265705326546 -0.903387708305217 117
28.5729225230877 0.587982456694302 119
24.0186960809857 0.0637287482312545 115
26.6098476160394 -0.354835854936779 68
24.5766779606434 0.922495744418793 47
25.8450600205787 0.992325368595558 112
30.5139997615171 0.873563901793506 82
26.04504268664 -2.61104346110731 66
29.2344014428776 -0.897316832710047 65
28.4144419857127 0.937235318604616 77
26.4344240019316 -0.745336334800986 67
22.4800093299912 0.408539629742539 49
26.7876140858551 0.182912672642759 22
25.765168918695 1.10740229118283 65
22.6649427739085 -0.710371670379638 95
21.6402693132391 -0.0578023693607272 92
22.2520582791934 0.344923416712653 65
24.5303901129313 1.272654447469 83
26.954828858115 -0.177380835242047 4
19.8198907408885 0.290405996978282 7
27.1230942751799 -1.34284820600392 32
20.8796982244309 0.633050029938162 107
24.7665867707971 0.20681970608308 99
27.5832792203748 0.63930734251053 28
26.5507475510482 -0.410670564967914 104
26.4951457926643 1.68535662126586 100
24.6312575456838 -0.139826104242308 19
26.7094405004249 0.121138748850069 55
22.9259971182388 -0.105679176299447 29
25.5380697183446 0.84630489128897 64
23.9184415656927 -0.768449023923077 42
29.2823396821307 0.201462405268902 84
28.0559956689827 0.574569598467987 86
26.9129986767709 -1.24523988798299 23
26.5415144354656 0.227718808143363 109
26.3079376061214 -0.593802062268665 57
26.7226713338191 1.42881078576221 49
24.8318043760087 0.704898068994133 30
23.2087111761941 -1.72513390940011 80
28.0311705978609 0.919284781932996 91
26.3404462665328 0.217740926778188 23
22.7304793515016 -0.561324761899199 76
24.930956223541 -0.355585627814819 111
22.8306444016545 -1.27214216661165 10
22.2169959923981 0.386196851653908 23
23.2171431927251 -1.63852313801426 46
26.0783070373594 -0.140262777271148 8
27.6311115208523 0.455175607836962 33
25.7802290098221 0.0833833619950522 97
26.2798717342814 0.859173322310438 31
24.2665019987424 0.0505481045556819 26
22.2038328342612 2.30894410422706 61
24.0456707072995 -0.859463174736328 63
24.8171978253796 1.53911616866609 5
24.5662153675812 -1.61446617734895 53
27.3670307127466 -1.07731645830934 117
24.427315293329 -0.901360547048799 62
24.1909865296761 -1.52111236116286 82
27.986513445504 1.48469384506777 79
24.0477098284075 1.03370332012997 4
23.7883725994572 1.37126649842358 34
26.0796077333206 -0.608921441457723 22
26.0105578599473 0.0855970933090572 20
22.0012127311923 1.11850749108373 78
24.3675018192383 1.06052978815381 27
21.0010044397553 0.560136773572271 2
24.8821862157303 0.158147540900663 97
25.0220170683806 -1.16417322231664 38
24.6070062218545 0.30968619619025 100
22.75049065426 -0.178493814873705 60
24.5421571109943 -0.654524572021451 103
23.3270638440935 1.57615726400038 108
27.9179300165468 -0.701403737381295 6
26.0619126285025 0.242876389372811 115
29.1216028481371 0.516035756461069 89
26.6446126405622 1.05115476204457 109
26.5778474628098 0.367304396216124 60
31.0296336534843 1.97321531497352 112
21.6402698109981 0.445136747894539 77
21.3770429150341 -0.488480168490534 38
21.7287511164234 0.102511535835645 62
26.4469126610975 0.669129245609249 105
21.8829344995021 -2.19050880817062 63
27.1356828630287 -0.0955640513470253 62
27.0392570320974 0.0415257085159857 31
27.9092265427106 -0.238600873898005 116
20.6488757387202 0.0513685364867313 72
21.6282326648202 -1.99180636020706 76
26.3260373529093 0.34623628474444 95
25.7047048881928 0.00302934280112633 91
26.1458940376013 -0.492428500766368 41
22.4063924126522 -2.86441872259051 78
26.2792373698215 -0.411212736897843 65
26.0730295282536 0.118208538052268 96
24.5615304377405 -0.0711607677680068 120
27.5829979665629 -0.608697428954805 78
24.0802130131087 0.321645288041923 54
27.4342406627101 -0.910489532042703 40
23.0568708792854 0.699281047319464 65
24.2996013074966 0.825732375193134 66
21.198255459614 0.957543411914869 80
23.172898138234 0.798846270365293 120
27.0014828584761 -0.352127210050029 40
26.8179382570128 -0.0249468282357759 17
25.0465395440285 1.24507337169485 57
26.341393906151 0.610941958549662 84
25.9584632110574 0.34688303266061 29
21.4158982642717 1.27917971095465 80
23.8293563533291 -0.626845841869641 45
25.5734035240179 0.0252632716014579 102
28.2308112698297 1.30150900263725 111
24.3155666851013 -0.249789694567707 2
23.8211541111169 0.134998344795403 86
21.6285334424849 -0.146673230610888 13
24.6368247392328 1.23393059413951 38
27.6688665253111 0.135425982367621 67
29.3665336036138 0.0672402924146965 13
28.4328961381535 -0.68122210851133 22
21.9700792029196 -0.4184629402539 29
24.2167566387452 -1.56921420908198 41
27.7076688331542 0.409586540774767 56
25.2125998562704 0.847803192934572 91
23.7888922572863 -1.33738430955247 55
23.5401894144149 0.40135472863779 59
22.5153566501228 0.328935897499032 80
21.0245612288594 0.195321000040206 27
21.9266585656405 0.0714626101121576 14
28.8142476583819 1.6349332608997 47
25.9847264936097 0.333007077579299 93
24.1329194394739 1.40181262288016 116
25.3565283804144 0.451017020860161 109
24.5205987363349 0.487323595739937 114
24.220404422385 -0.539737455111534 44
27.9299671049525 2.69090741575432 40
27.7793528468825 -0.0598160756893157 74
25.049468048345 -0.49747586786043 113
25.552784533062 0.382417149919641 16
25.2649012816829 0.409180178437925 88
26.5973204841178 0.723745922788961 46
27.1879949757844 -0.914924574372468 98
26.0781627974487 -0.137185091519559 78
24.4222306016206 1.57429327787333 21
25.4816560689404 -0.482917703042759 49
24.2197449399436 -0.356190513110566 8
24.4549064511129 0.610222274222577 82
22.6990863964765 -0.606035147367036 109
26.5024875674768 1.13451200339725 48
26.7633847052668 0.422468288927292 28
24.3060831482824 0.089549711407137 105
23.2986733541872 -1.59171399396362 32
25.0127811820298 -0.347167014243029 102
23.959755931624 2.03429598442535 71
23.7669736388871 -0.28590515559225 52
24.8884730705398 0.654378782982205 6
26.376022301519 -0.924747616969478 69
25.1616652188853 -1.59070303925404 87
25.9463407367877 0.709398469649404 115
21.2726641846714 1.44932679629708 109
29.7512845243983 -1.54438030938404 39
29.7185073088483 0.846069248221398 55
25.5255765342491 0.330932470678367 48
22.1018023101316 -0.366187310859143 6
26.0898332353899 1.74928498341616 7
21.0185371024956 -1.005144961456 34
27.5901743895755 -0.117439298841842 50
28.6230529775911 0.668505546538097 35
24.139564442761 -1.08247402143283 43
26.6544448487878 1.10596780578619 103
26.8247588809957 -0.114153381934486 43
25.5912441676686 1.2291483044291 103
24.1668597600566 -0.0232968160916682 24
24.7228781722813 -0.735105466620172 75
28.4758450774214 -1.34051483313352 35
25.1907159420533 -1.37306589237184 43
19.515154208752 -0.149057093973935 56
28.5917768086134 -2.00627595919716 53
21.5313460827432 -1.55956853741809 55
26.8230052763019 1.96270156915108 90
24.7344066619421 -0.178318223605633 19
25.6177120556709 1.35762067316143 95
28.6008696790143 1.64899204713817 91
23.2950899927173 0.119484570593628 116
25.6950277030142 0.00362061633761048 83
21.7921465277724 0.19644344592465 14
25.5121836909196 0.679739506730702 9
25.1631031461193 0.801124844964395 78
25.9284938234567 -2.01520057977609 10
26.7414361422978 0.0473959880866878 73
23.5069769741979 0.613096606859849 98
22.4149014865879 -0.170018481053399 6
21.4235963846072 0.225759524431785 29
23.2725146532838 0.892404141125057 50
27.0556570407863 -0.147613098756459 35
25.4155650782305 1.53718231037047 35
24.6110139948042 0.452619354870756 75
27.2245906658263 -1.59569425257054 15
24.5299248975707 -0.187165292033729 117
26.1834188713896 0.567634468128946 72
26.2792237170393 0.162679116763597 101
23.4428509605283 -1.37198301292582 2
22.7977016136646 -1.88395251169133 74
25.0818483919407 -0.0680470081647294 103
23.5314885151897 0.687306933852914 31
27.2160379421459 -0.708000728772153 112
24.8227620838189 0.377677268816157 79
26.5128533781078 0.580757739274482 108
28.3063328861643 0.974626092393341 60
26.5321932923922 0.587452509331047 99
22.242383116535 0.245278778823427 68
21.8521104295659 -1.5660037041717 72
24.8887300237459 -0.508128148093857 111
27.2553902698807 0.85827885392439 68
25.2391907750123 0.451866719214799 96
25.1210620756419 -0.897904236853133 55
27.8605342894163 0.31901114488487 40
24.3560964572868 -0.0939645105797747 27
24.8763352898437 1.26430832492208 48
23.6911518398639 -0.0340093652786424 70
27.4218829415853 -0.388169030127935 68
24.1039198246313 -0.260454831909338 93
26.9949667951424 -0.877434514087113 1
25.9154252615233 1.29275143050665 12
26.5736896867018 0.165187853607552 55
25.1696000505217 -0.603207075711496 49
23.6457783862293 0.398603900801511 53
28.7267221768177 0.858952125458656 45
26.7236821411377 -0.421912468569384 96
21.8075591581403 -0.305488889429697 75
29.7709577137762 -0.0591880145084799 1
23.697537762237 -2.00187218795239 24
29.0671311348579 0.155436421357447 84
27.5983804132568 0.0425622275156778 100
24.068753206259 -0.262039198794157 12
25.8698022012914 -1.0211932583223 37
23.2978920195556 1.06535710343492 3
21.1627687965435 -0.457590837875523 108
23.4326936667381 0.135303912879276 78
26.5572887571111 2.11278759570127 37
23.5443402940435 -0.591833695386405 8
25.72872744369 -0.668737894045782 107
24.7062452025244 0.153878740931465 68
21.6417511215042 -0.285391611599252 45
23.6208258214768 -0.492696439200976 13
20.7635530979087 0.409771539388102 89
28.3095994290804 0.229356450786856 1
24.9090908884013 -1.07462563331733 74
26.629916023358 -1.38075085443847 69
26.0001005847852 0.598233241445688 56
25.8173633867773 -0.839468642147749 15
23.7768807863234 -0.955425060047348 112
22.7132536625836 1.23621807067256 28
26.542596944697 0.0759841521696002 69
25.8066869951388 -0.539572907634778 40
25.4095099149628 0.77353811942751 80
26.2692625218293 1.30430052382949 24
22.918322418869 0.985109974109274 54
21.8689509900016 -1.01172151068618 15
26.4803893235464 -0.606029025718392 42
22.78765227574 0.316726055506865 20
23.6039006099555 -1.36469110864529 119
26.9530339570605 -0.381966279527664 43
22.0289035093778 -0.0142927411517516 50
25.891906233988 -0.0654181319989657 28
23.8070235370855 0.223432418861722 67
27.9297625201305 0.183182166678893 112
20.8547503920701 0.890661242229158 76
27.2245852619276 -0.0530718448200924 96
25.443329009084 -0.829858115515082 69
28.5093983588384 -0.121029097825109 88
24.8162637367976 -0.209658043434838 111
23.5421583637348 0.0395895617127639 102
24.3752061781388 1.48099019747618 15
26.1275835488009 0.566660058392043 91
24.4708671958384 1.78958035863141 44
24.3531895309499 1.11404785115473 65
25.8045212841895 1.79407452864789 16
24.928597225597 -1.36454889989645 9
18.690067685638 -0.707439984999719 30
23.2440064883254 -0.556284345887489 1
21.3965305642934 -0.310081093752715 83
25.3592829880861 -0.376179335728334 110
24.0969031850233 0.458526008426864 97
24.940830576108 -1.26114914943113 56
27.1520313853353 -0.527465163206145 120
23.2687049317913 -0.556814221798541 87
30.3158763939732 -0.374438726216025 84
24.8205293507726 -0.604399980981061 89
22.8820164777449 1.20312707053266 47
23.8758087219297 0.768873233405475 90
24.1560165004087 0.238351023241361 19
26.3296012137784 -1.41502814138869 117
24.9093041457381 2.93377438660602 79
23.0969772212054 0.935025757358322 49
23.4787970629082 1.23388452172586 99
25.6914747615032 -1.89138472179805 12
24.1717301477501 -0.222651293117936 41
26.4424413228045 0.768127528360915 51
24.9372499126478 0.387953658262852 73
22.0550764278615 0.609133031558329 18
26.8525802631997 0.590518608276321 72
25.540387132902 -0.435140753285453 57
27.0787605254882 -0.250769898499009 42
28.4088066801245 -0.926269383723312 104
25.1010006494068 1.08743580325344 94
24.6662006595359 -1.94395921590421 71
19.8199583759584 -0.280620438336351 10
25.7369057687723 0.812077556671369 109
24.3062757411268 -0.207703687008036 118
28.8280682246841 1.45075731996683 16
24.0805882606739 0.841493178155365 63
26.1858212856356 -0.865737822129377 70
22.8904331729591 -0.0598778067009555 80
24.5115774543209 0.0115311532497584 68
25.0779002348409 0.269111451391775 66
27.1989292232908 -0.528160505923408 51
24.2515627714298 -0.617073841366713 12
27.2799076645404 -0.262372515021683 23
29.0165264253561 0.91234717100544 87
24.9239876759858 1.12361058688565 4
23.4356947361792 -0.603519713682531 55
24.4865164291474 0.0553233936383655 115
26.5311241040083 -1.00065843288481 19
23.4494156769505 -0.758178829139224 83
25.1379329531597 -0.611435814505261 78
26.3514869588224 -1.31672226320794 13
24.2553143415224 -2.00741501721717 4
22.7995291525022 0.768002127529136 85
24.5402893981812 0.405761313504228 113
28.433540579837 -0.831715878916042 40
22.3500210487565 0.958075773112283 23
24.4817357112291 1.81071925143842 34
23.8725491079457 -2.5500144848278 55
23.8173952465581 1.15025508071742 69
24.3574611845204 1.22789365442077 117
30.0719661213682 0.152103162683809 50
22.2987945861884 -0.523083809187373 9
21.3538100342628 -1.10159336434584 97
22.1897841151364 -0.879730281412976 115
24.4192732797916 -0.636700257754092 71
21.3612340390396 -2.1059314308429 95
26.2504500538889 -0.64625836012243 12
25.1529266290545 0.986793426319455 92
22.4994168636765 -0.75490014593259 36
23.3584990040275 1.56520486289813 2
25.0646000074971 -0.0500492609915262 47
24.8947945171462 0.111028706146697 49
26.3593699693937 0.475471045997417 7
24.3514750249951 -0.939003904707139 10
21.5875009673415 -0.774045619642981 10
24.5155279202763 -0.423558467232642 29
24.8950182615502 1.77287949441054 87
23.3448416148494 0.426550658330294 81
28.0149773642406 -0.0944701730887152 26
22.8974262508973 -1.11659543381566 23
26.6891582979478 -0.0874351465295421 31
24.8927384867015 0.392526090173269 104
26.7134091698688 -0.360622169253726 18
26.4217115303259 -0.88798436161748 63
23.7341668272611 -0.946416553795856 75
28.1483875724246 -0.219911556074559 7
26.9266540875613 0.34222011692021 51
23.4114377932494 0.969924129415534 97
22.5568725457202 -1.33545314019712 116
24.0280727714145 -0.800879475406146 33
27.9475115911697 -2.04679634418407 100
27.5017356759223 0.110056218193675 18
28.7321515514276 0.7161003737353 71
30.6197696258958 0.254120602375613 106
25.8812359260888 1.22876218801499 32
24.6054140741635 0.583404005956116 75
27.7053162957338 -0.587124773728964 82
26.3486932293576 1.4466653579162 83
25.0934461651265 0.443394035428034 14
24.1493755523191 0.577946885715448 75
27.1315093445749 -0.921834963877281 49
24.8887575228568 -0.249326705165156 30
28.3775325383126 -1.22189864637567 1
24.4571176510427 -0.0725396460455105 61
25.2356983982276 1.36490124503674 6
23.06401858937 -0.457531019844233 52
27.2696811804736 0.0652002193600942 71
21.9894130513889 0.783980335923698 31
21.856466316827 -1.5877080731648 18
27.2722214513737 -1.36936431323817 6
19.4946345591681 -0.927519802622359 20
26.0538994569078 0.300841559830217 83
24.2299519360903 0.0804689461039362 35
26.7370940402751 1.24674683051722 31
24.6826490710117 -1.23444910020502 75
25.6585366498622 -0.439069294322646 109
26.5979856771603 -2.1015939530556 55
27.472022624253 1.61875617137326 101
24.6718707331553 1.08432849074413 117
21.7208563864018 -0.64080090691301 46
24.8058125480119 -0.252819826257065 94
22.7620161415024 -0.134829273222472 76
26.4704273575269 1.79535599171383 113
23.190577682667 0.0383967173690209 99
21.8187778922021 0.412998288890057 6
26.6081289829618 0.699572122966991 47
28.5260665235209 0.68979094457615 51
24.5388954146382 -1.67105946529188 120
24.4530840143106 0.740048307522627 18
25.3232499486301 -0.924124899113763 86
26.7253060693434 -0.0316885733109696 8
24.1021925456821 -1.92779298152023 56
25.3709331442385 0.214303029678329 15
24.8440233641149 -1.00503886550696 63
25.4109534970648 -2.17895349228979 16
25.4081796490423 -1.67254913055491 59
26.0060260727965 -1.42072213555102 65
26.0026664837344 0.550531638778356 109
21.2392278861859 0.31043317691679 80
25.1333916429397 0.68507391296196 108
26.2483025033509 -0.531910490816832 28
25.9331073986469 0.181785459863277 67
23.3476580667513 0.411596177796364 78
24.3662440256894 -0.0850590489583202 53
23.1776682914809 -1.10670620353609 79
23.8598318247545 1.12913359573999 87
26.6467169454667 1.66801562437414 41
28.1876696160164 2.01910292593947 34
26.2917775860328 0.892548035572446 2
23.9057232517535 -0.18720468320782 63
25.0876644203453 -0.127697415610696 65
25.7879627214244 -0.305330139658066 52
26.332144301502 -0.262866837856314 33
24.8641032374272 -0.0514686444263324 10
23.3540479279731 -1.97266335973404 107
21.9887316831717 0.0112282503851485 35
24.5693380097538 0.235344857293826 10
23.1809177618432 -0.950369853521111 17
26.2929460493773 -1.75714797519533 111
24.6793846344669 -0.359960650915173 100
27.0262094845061 -3.12158955842453 69
25.1062782416371 1.67254711224307 15
23.3148240260879 0.690549816448973 79
21.4213610717059 -0.976670320071121 55
23.4932571972588 0.0151341756048936 112
25.8968435685458 -0.165454175250426 20
23.3734637343833 -1.66021336852687 115
25.971847927835 -0.878434380265504 65
22.1866692014899 0.965815838602375 43
25.86877203575 -1.155821306734 39
23.4936781777438 -0.751395711615601 98
25.4367088438916 -0.745084355854741 119
27.3014362172053 1.22705248547405 60
24.6217814480563 -0.190857993821416 45
24.2698258404744 0.554310745974685 110
28.4968292559172 0.771433127103725 93
24.1953187371154 -0.380066799790761 49
25.9876704969735 -1.12855138835598 79
24.2318824861229 0.170101777039984 18
24.7621780117221 -0.358542332051066 91
27.080418479408 1.4429384906866 108
25.2198043499789 -0.519946863243269 102
25.5084572812356 -0.310642094399316 43
25.1511866347283 0.68273746460155 38
25.1476469158887 -0.663578420365435 21
26.6182030877915 -0.0179505486369125 16
27.1541472509676 0.496591016531611 43
25.7013623788345 -0.404274700505695 90
29.1516210335733 -1.21164881021411 36
22.2609848809397 0.312743716736159 22
24.5799970587683 -0.279861864189669 114
23.2067090883486 -2.01985513454472 110
23.1556123942437 0.269578863177791 39
30.1776096073704 0.131799250869177 17
25.3447430204626 -1.67877127038153 106
28.4724045305247 -0.525879503304054 1
23.4757221670548 -0.175124623445125 48
23.2359969087041 -0.55663076339161 18
22.4436660498114 0.551848409108525 120
23.521551152247 -1.57605151328026 37
19.2393194560816 -0.954292772391135 50
26.9982877135957 -0.44986342459853 117
24.1258258570354 1.44390639515157 19
26.111516811289 -0.155254088813823 96
25.8301950201959 -1.0217189079899 101
26.0923786943081 1.53846974718311 114
22.8949641570096 -0.231175974126462 50
24.3428118514656 0.55192386215171 12
25.3632298939035 1.12179403686998 7
25.262893070741 0.409545392352493 105
24.8694367207565 1.30026152604088 61
21.1425893616908 -0.790921271535216 33
26.4692062224017 1.59861945374855 52
25.4331759844097 -1.82290027350444 97
27.7801868170745 -0.975363113976848 33
21.7264801378451 -0.586460658851776 4
25.2129427186988 0.233109551802412 44
26.2961776876745 -0.473448624825338 101
27.6980344798437 0.583110980688571 108
24.6265971286347 0.420029447291878 46
22.9613003540825 0.67886090857055 92
23.8367876892809 1.48246102516947 52
25.3191461260196 -1.42528403776185 66
24.054072020434 0.969974980650082 109
19.9975374955583 -0.265465767861875 48
28.7238101308271 -0.80310555068517 78
25.2327613003206 -1.77703410191596 77
26.8257061127441 -0.849036891625668 65
22.3882758585595 -0.299478219146019 85
24.7207314989598 -1.94024447918985 96
20.3932698297664 -0.360032787633846 19
28.604875733135 0.510106187169821 23
27.1873124941144 -1.29797041852965 34
23.7067534066103 -0.00484740234794186 11
25.1749426338783 -1.34485223488897 10
26.2669242596381 -0.0516841852311564 104
23.1694931915266 0.894849793359077 6
23.3814650025872 -2.17988227279419 111
26.6679347811518 2.30641643226721 32
25.4438438305933 -1.16775035555093 83
25.0525800447157 0.940429718673155 116
24.8145977265814 2.07910159606188 60
24.9428967224288 -0.943824023273343 84
27.5970891249026 -0.675454145126363 111
25.3640330491847 1.02165032799741 5
26.21632668152 -0.817503430666976 68
20.1034318017559 -0.957120734010987 12
21.4515227845974 1.5811192798267 79
23.7691986223936 1.76644280148737 8
24.044344887971 -0.227035158885543 66
26.6891584871899 2.28111019497527 66
25.0927819456439 1.90374721659382 93
23.8169439362799 -0.0686215365008071 28
22.9904230086134 -0.813859139266671 15
29.2502452871712 -0.673255314397327 118
27.9662447774978 1.402030463378 39
26.6608085199857 0.540016608296576 87
27.8342228815549 0.642274168798481 51
25.4472232535112 -0.0127197649869594 22
22.0695891358311 0.182879553229633 7
23.8325925187213 -0.488514580230726 114
22.6963202871723 1.13523673607646 94
30.8387855526128 -0.326051022249221 82
23.5995861376089 1.99186253382779 71
23.2973414438728 0.586772894352092 118
24.8358077866444 0.988333223717117 29
25.3606094216763 1.47562393528371 56
21.5321619119022 -0.0469533798561104 77
25.7488078371819 -1.76753109920023 87
24.2397663940307 -0.609633971769902 69
22.256938718068 0.593256912250552 72
21.7497651331258 1.20338721999315 29
27.3998194830067 0.208256826939065 18
25.3326060802156 0.839139358531807 64
26.7929362806115 0.94304143399232 86
23.3770743479291 1.0280931190928 27
25.3952041010134 0.747563844215257 57
23.5731955128376 -0.191427065286232 85
29.6245420538187 1.02469016466156 100
30.8555038262049 -0.50422197476045 10
25.7001114412098 0.348548859453759 107
22.930071900115 -0.509373875189936 68
24.4386536670247 0.477824457308946 23
24.6161606438053 0.50098539560201 97
25.2394621668271 -0.105580517277398 115
22.2699838721355 0.0273087389010609 70
25.3453498274353 0.433715804571129 120
25.1787724723021 -1.13106448444332 27
24.1990772711914 1.02068690052451 95
25.8436861170588 0.269274289996768 17
21.423286450834 0.548548641391203 32
24.3240752325305 -0.169421162358676 7
26.9770239836404 -1.87844024995049 34
24.8960864268932 0.748307195127445 82
23.5792196677308 -0.260100140007809 77
26.0407561573798 0.618260659063715 69
27.5793746365782 2.04793696163662 59
24.187985793592 -1.15562483797786 63
25.1649674402978 1.35294140674424 20
23.179471845571 -0.36752198160992 91
26.274471584136 -0.0583104632806768 93
24.5674027533807 -0.532218092437793 11
28.6212086822369 -0.498500477357612 21
21.426166927894 -1.15013957757586 85
25.7979335027405 0.12624092272811 79
21.5522251988262 0.472863899171132 12
28.3953425342861 -0.186525215206436 87
25.8746399135764 -1.61928644995828 47
27.7254751506999 -0.402759046219411 51
26.0001891055765 0.412812241805165 3
27.3658157790741 -0.720719404060524 110
27.9640796933378 -0.590065230419111 7
21.9430655576257 -1.16962661786167 33
25.1703350496964 0.591456646071839 29
23.4994186921514 -0.66863894900174 23
24.5112130268519 3.16793764721646 75
24.2172103347964 1.01303941735815 101
25.5949997071407 -0.165987319651378 71
23.5645645290363 0.00241647226761014 25
24.145056712291 -0.717301983174412 100
24.2218118464752 0.281338028308025 46
24.0124112210021 0.00728189711361119 81
25.3973821898157 -1.72970022640833 22
27.3647545486157 -1.8434736164092 82
24.1663742313995 0.601203031410255 103
25.9768771613729 -2.31793757081662 21
23.016395291356 -0.380312073719575 14
26.4786854719176 1.65516490019156 16
25.6856645410396 -1.66285504901553 117
25.9702474019698 0.294729665781588 33
25.8375077640118 1.56990143919341 77
21.0514043492744 0.511946896762047 5
22.0441988122926 1.28590240106394 66
27.8195305695178 -0.967514753559713 56
24.0770442874598 0.632389354506734 13
25.2652396165514 0.18307866764632 49
24.5005855186585 1.35011611692373 66
26.8026419622122 2.48732767144425 37
29.5624912750186 0.114661697081465 16
23.8702070053933 1.09574036400398 69
27.1494946847808 -0.402709871192964 24
25.6616098416393 -0.359069714354474 10
25.9203748555901 -0.552788229916454 53
23.5216998702983 -1.35467498027566 4
28.5986603599337 0.0733388620622629 106
26.40044550386 -0.038988529992132 86
26.1644151366014 0.721869883981367 16
23.0141267801025 -0.214918957806181 20
26.944614983654 -0.915584933773484 92
24.4842457756846 -0.128438540802172 23
26.6438182969038 1.84021048782139 43
29.3056195417536 0.45053125599064 40
26.6870312477572 0.274793677660706 68
23.3474580133538 1.05637641799707 27
26.6273931112809 1.79205427905425 23
23.0141861936127 1.71081921609865 107
27.1540341578658 -0.431428933937455 36
23.9990401070112 -0.0792768643851139 102
20.8369107798079 -0.363225044500591 97
28.5061200729661 -0.200990473036902 63
25.5046253396288 0.451281929836337 119
26.9374298556582 -0.479941984802211 51
22.7919683150563 -1.1655251801267 92
24.2359238543078 -0.238943971290577 33
27.2598122663353 1.44983465190903 56
29.0366494970136 1.85287387225315 101
26.8159405216385 -0.403231504462783 58
26.0729061676219 0.826968315956171 72
25.1356224920102 -0.129134902412641 102
26.2724783280084 -0.121526886798373 71
26.2642915016965 -0.674273284800463 9
21.8945449319054 -1.57843379879441 9
25.6885910561488 1.80207639644711 51
22.8527532089691 0.801116813864507 98
22.5731595102803 -1.79226472750817 38
26.8676625354338 -0.347418726275447 33
26.3843883173677 1.55431592932965 62
24.3809828541714 0.1064927931859 77
24.1156188728702 0.192508920670481 89
27.4449940008013 0.849227967140941 63
23.5379883715877 0.990514611753274 116
24.2187830067222 0.627582211644799 109
24.4105465235041 0.415215485556038 112
19.855397839102 1.47493906483472 110
24.6339369228451 1.70947207391152 17
30.1620914695682 0.22835960194932 109
24.1203990400989 -0.208116882060637 79
23.9220690593336 0.0121457552723463 56
25.8721119904571 0.349722663254964 42
26.5237088062914 -0.677644642409865 55
25.6704710417595 0.642182679197389 19
24.0031710627851 -1.28943803526936 65
25.5167724136764 2.22606725497448 51
25.3100996412911 -2.48341935897588 83
23.3272209741164 0.172834278705764 89
24.9131626723236 -0.0589041476544768 59
24.7703800590276 0.54745229730498 29
22.7027953787117 -0.410473602104307 12
25.6396997846943 2.4024051603136 118
23.4545143194174 -0.144220939442354 23
25.3239940208168 0.0233964428346382 73
25.661155061228 1.12412194136023 17
23.6840965328237 0.697774490472752 79
22.3229854285016 0.180907478694348 31
23.6651681775291 -0.169602830405788 103
24.7016867350244 -0.234528047352685 109
24.4683635478621 -1.35493069283705 112
24.6578853507105 0.629956078520476 56
23.0235073559382 0.447270152516536 93
26.8366231257533 -1.04404185845675 90
22.6638129728105 -0.187285574623775 28
27.5945625820243 1.28729087029212 56
27.0688100826828 1.27409281326188 109
24.1386845765287 -1.22116135819236 100
27.2138555831122 0.802021906549621 83
23.8955971100202 0.126830700702607 5
25.0935210128345 0.388514857183542 90
24.8544626559455 -0.872196173211389 39
24.5396374867499 -0.207086990008975 80
24.0421426979029 -2.05841268897205 56
20.4297843067873 -0.739123317114496 41
23.0743961080613 -0.306622124375416 78
26.4918588866249 1.30341763353321 91
27.6727867609059 -1.05865985505511 50
26.4376747598883 0.301720185835217 60
27.5995536204845 0.0899731868327746 51
25.5910794428618 -1.36339225057112 17
26.0379202591049 0.282523871303602 105
28.2814784102941 1.58069945043383 54
23.5599277960139 0.940040246321862 89
22.5876372604013 1.13143023201082 11
23.8364527433804 -0.213695900693846 45
23.7025259137761 0.95783890475 81
21.5040820320566 -2.37080962953567 57
25.6450956111835 -1.25325860935484 73
23.2446679520295 -0.174847951632965 91
31.4542603223725 0.108511592901088 73
24.4028385641136 0.516920454312649 7
25.4006711152246 0.721634385944806 76
25.9599860150623 -0.459943832776297 97
23.5611109358671 -0.481611546511175 56
23.6138884246312 -0.349275322253478 110
23.0101181301688 -0.561765971843708 67
26.7246619682937 -0.124702698398065 34
27.1666504703349 0.877552327860635 99
24.9667907220561 0.463346913606021 63
19.9887777057205 -0.439365336329446 60
26.0017787263178 -0.692417292496803 8
23.7329697960058 -0.104452793590559 113
28.9105571123675 -0.207999912567132 55
25.05683847681 1.21930841222822 7
23.7191513417788 -2.27043569901944 73
22.5031453477396 -0.973452669048348 88
24.789926357372 0.621190259045578 27
23.1528135363675 0.662561672297886 99
26.7705350044454 -0.650990248720244 56
26.3475929627112 -0.208737068554284 67
26.4672853165518 1.79691164714174 22
27.7277379330791 -1.09877841489441 55
24.0393015485341 1.77774209175325 56
23.9423077943008 0.316944408144578 111
22.9696644535297 1.04957642163157 49
23.8031753304086 -0.526280785006737 71
24.1766542450553 -1.1202125363024 83
29.574720338462 0.398259494066733 100
25.8023860027428 0.421306803003694 93
27.7624269495558 -0.425153649050582 91
24.2027900373302 -0.876991005981104 115
21.7810438914979 1.29999660430953 93
25.6744661105778 -1.336786756495 97
25.0827560292129 1.42924242973265 73
24.8911999985686 -0.59469312008645 41
27.1588357132333 -1.88268645782021 47
26.7326542577041 2.180311231724 52
20.6832833658677 0.378777278643633 72
18.720362763432 -1.06931282870499 116
27.6507584390398 -0.375144981621946 93
22.7941496350761 -0.794797718462382 15
23.5267792223424 0.315122868711274 89
23.6848720766849 0.133939385683657 55
24.3126701967043 -1.24055157557885 26
24.9344922290392 0.256480536921 119
24.2446249492025 -0.674070206745745 22
25.2024428949785 0.633227353785118 43
27.3748592471728 0.60236487324394 8
27.1109519242066 -0.03403368652627 15
24.8394246153748 -0.78970636054902 14
22.8889740986045 -0.470435554214209 74
23.7731755558595 -1.0128181376277 60
24.6780187656666 0.833553270073421 13
24.2097610736266 1.35402356223174 45
23.9545595293505 0.0500727119864512 10
29.4730281256619 0.33688075564445 35
22.6695561712416 -0.208998873319395 50
27.3272473089225 0.218459987896842 40
27.0518194771483 1.87347520792372 15
23.8031874190877 0.261721804971701 30
31.123464742274 1.33469451935642 39
24.1053254300301 0.247746646145096 107
21.9515558842863 -1.37578486118361 108
23.0373953251539 -1.19053978175731 113
