response predictor block
1.40094120982327 3.69823356265364 15
2.25974337911779 4.06935731052767 9
3.99245448950478 4.27111029417076 9
7.76956513238664 3.41357557434266 29
8.34125101397739 4.10728117220276 22
2.75429405924805 4.12651397303939 20
9.33474247528251 3.85631500996634 43
4.94291848897938 3.86334203605395 11
6.1384533966035 3.85888700022668 26
3.32913582152107 3.77749054273897 20
3.75387274531218 3.88070182506161 13
5.92974319665814 3.75040338878507 41
1.01739710323608 3.8059365263405 16
3.80046700032065 4.01611470431907 4
4.91461853336691 4.23987351474269 48
0.493805468963975 3.97242862640231 19
-4.40127311802025 3.87224762354834 17
5.98117837541708 3.77220114584255 34
6.65871925101771 3.79070707993277 39
4.58461125317763 4.60395879462234 25
12.1099613139925 4.03352205503801 47
8.0822483516044 3.87732852582726 3
6.66778037901803 3.88986303191169 34
-0.398689119361113 4.11489736025146 42
-2.32780248297643 3.82656993826563 17
10.190615357431 3.63794877240338 47
3.38874915705766 4.14368893022518 25
6.0023431357827 3.74408606925903 48
0.812342517546939 3.99621542490895 16
0.935351052000373 3.7660128497079 30
0.584320021558756 4.27557438655007 45
2.59276369554277 3.88110173028274 31
4.72310119355906 3.82263999062187 23
9.05302267238778 3.87468548485131 29
11.5217279804691 3.59272663273032 47
-1.18673634189111 3.70809518447645 42
0.382754912200345 3.45499008776283 15
11.5692958560636 3.66475170197499 43
4.35364302509561 3.92642653530907 13
-1.36335303445111 3.88352561489847 17
7.24923218318575 4.36237406632178 28
10.9618256495806 3.73283931908135 10
5.20498198360449 3.78615884156562 26
10.7300356148812 3.92984424951064 47
0.51685190984733 3.75141498092608 16
-0.693686069306437 3.75787142053199 18
6.53049218070769 3.72317045183956 3
1.16947726287765 3.68700352859027 45
6.37535899084561 3.86904297025316 26
7.28243190062809 3.87578751068332 41
0.653001076683979 3.54849218579951 12
3.71633741269114 3.85448101882767 35
-2.13573046103614 3.7227775938933 44
4.3839919618429 3.746259497627 23
3.76461376465106 3.9594226191108 9
6.09655620841197 4.14076395474863 26
-2.49878569123399 4.41195436820376 44
5.56320545303089 3.80666164401408 2
5.24347096698496 4.40147740721432 13
11.5814976342569 3.7105478630764 47
0.894248253108354 4.1641471160832 31
3.80804065286541 4.63724776767946 48
6.2277601521727 3.99130990254904 41
8.37814790144434 3.83259160508451 3
1.56106129858242 3.99809881107226 16
6.5886607199416 4.44427111203586 26
13.0234721293815 3.71534806581227 36
0.0631608539500405 4.34195679485582 15
3.30186043792826 4.33239119769559 24
-5.17450137824089 4.08411819930095 37
-0.645453960948293 4.00172320961049 7
9.01915988305677 3.88613281545964 47
3.50330594522335 3.90836901678152 20
3.88786148829124 4.16207164187579 13
4.07644440444298 4.51756771533274 48
9.97653664143488 3.96165039688326 43
9.02246076918883 3.65232476332463 21
-1.3206218220481 3.81910455572246 45
3.8243498131038 4.06456544054196 11
4.58449688155041 3.9207352212597 48
1.38240406303376 3.95555251058393 24
2.56353067739583 3.95750148078636 6
8.31504594109151 3.65692452853083 32
0.0508212405188855 3.95655320739649 15
0.0398538856543029 4.21255806428047 42
-2.60132954539041 4.17440217791706 17
-3.43259565541172 4.13749933777278 44
9.48931820857173 3.89931700613809 2
6.99441583360191 3.95210155738038 28
2.23361880360715 3.70136803009937 24
-1.10099103824371 3.98671029531417 44
4.58151241042571 4.06379900024896 25
1.59108204433787 4.42649100181002 12
6.31972382277764 4.25037831309086 26
5.2580313205827 3.87610413924964 1
5.69445197531651 4.08888757424994 5
0.819161948594906 3.71634798911654 16
7.7805754605842 4.21955090673807 28
-0.256538638406064 4.24322918834403 16
-5.67293039570597 4.53027927634392 37
5.29784869928068 4.10363088359375 1
1.2316390369389 3.88132038161766 30
11.8801219926092 4.01649837342612 36
3.21039367496222 3.87438055440153 24
4.53285093560907 3.79350035321767 11
1.82339492309663 4.04174731993825 6
9.56130271796095 3.77593384343881 21
9.05756472409212 4.04204634691394 32
6.86649143747273 4.08874206525371 3
8.31704135503914 3.98697372078222 29
13.0046180532763 3.95101634532094 36
6.48581691172783 3.83773256209856 49
6.94955602688231 3.72255819215032 49
1.96725660782568 4.21231855066376 6
7.92273219180973 4.00559063151901 10
8.67700035085547 4.20778515432671 10
6.66965815924439 3.68892803716394 23
4.44496316851246 4.04225660344154 11
5.18707265349071 4.16829157673692 49
5.63826558289008 3.99343090588787 5
0.820308822008753 3.95215195786099 42
2.58795768244517 3.80452333832503 6
4.77946111537274 4.51454049694087 49
4.90664071495853 4.18762536328896 1
4.01999762117143 4.45605207559457 25
10.8867696818815 4.020014910273 50
5.94202713212407 3.84214767525841 22
0.189694295830399 3.62167796999157 18
1.99109431971203 3.84097504222874 16
8.66853650814232 4.05657538312429 50
11.8836038860659 4.25342258686644 47
6.06805951017562 4.06318753376659 1
4.921571300521 3.70701292178972 5
7.43398958277253 4.16717858213126 28
6.61357850754365 3.58747476628891 32
7.64975013439146 3.90853693795202 40
4.02882974204638 3.92097041779173 25
7.0628209853321 3.51293848816966 41
8.92151022634714 4.23001438059773 50
12.0967598495059 3.84428210128028 47
6.47242262788387 3.91649083750064 14
5.26575139902067 4.34878697313241 5
2.7388912473666 4.15916860275974 4
8.90389870091323 3.9728920757524 10
0.303933842655538 4.12844069460117 30
3.84017100333662 4.09981795181849 1
3.34842059570351 4.4157141118576 25
-1.02769660067741 4.06897335089637 33
3.48611451066165 4.12656815580192 11
5.21347231523332 4.08688799375595 34
6.622751449952 3.90569058812592 28
0.809199870484108 4.02440486577731 38
2.51012772554361 4.40968616128043 20
0.424633729543412 3.78110188145261 42
4.45534790556023 4.03043999966026 13
0.511110395000035 4.34053266521125 45
5.72917574930819 3.94134472826932 35
3.8486634522987 3.73665429801423 46
1.45151020041889 3.78255409859102 19
2.36805236835729 3.90246824258824 31
7.18788900237836 3.78816248171761 2
-0.452673824649007 3.93484015197515 33
4.65664220699434 3.89639507341453 1
6.20007737195715 3.95423730057014 29
-1.75537299118344 4.10176402447014 15
0.88812958482354 4.15615828205054 31
9.08700702643401 4.41955143592618 47
6.13108596427915 3.98282658660875 29
10.730480845132 3.91979002183546 40
-0.743938748823754 4.36775142926223 16
1.23237930427054 4.42608234945677 45
11.2525991395343 4.01081100938938 43
-1.08673009205731 3.91683567021662 42
2.62279971514479 3.54444114560923 4
6.85720108749775 4.35281559968669 32
6.04264171425922 3.79060439148078 26
2.71108732827488 3.71905930140117 4
1.65739213870674 4.76094147152382 12
0.149043881757853 4.05875532706267 30
-0.819347989883237 3.99168534747167 19
6.10578786655023 3.31694511926105 48
6.27562374458817 3.97505235288953 3
5.78180406849334 4.2440079337306 1
-0.736758906139913 4.10346722886277 15
2.97110417746402 4.22808054040253 11
3.61305681944647 4.4959330501711 35
-0.978845116899478 4.29227712850341 44
6.44283998865563 3.8728157461462 2
13.6654753404599 4.17604504461638 36
2.63120086781907 3.95039593154448 9
9.14898377819737 3.86548230277878 40
1.78798418554696 3.28606033624519 8
6.02617276447735 3.80258828693406 34
3.86890803752087 4.12195365879092 27
13.1747808598578 4.54200813487983 36
5.26756897440745 4.1251736535702 14
7.64149140096359 4.15505255091683 26
-0.346875642393927 3.75852419746661 42
4.32075466548817 4.04066367702957 9
0.178752179292994 3.48044061452816 44
2.37999292403545 4.12130670514231 6
-0.0205701768828919 4.17419219464123 44
5.38746708449467 4.04637847889576 26
-1.29219135381437 4.17518337888612 15
-2.2633463033439 4.07792025716534 17
6.55503180933135 4.19011559049196 29
9.25856738661948 4.46061590655192 10
5.45453374838251 4.27809071031565 22
5.9317745201438 4.00816598937536 34
5.7806541318048 3.72138775880066 22
8.94329575359444 4.10451445559627 29
10.9408834592476 3.89994119066421 10
9.85459250985436 4.37337327565437 47
5.80096720861188 3.59822976503757 34
-0.690679719482156 3.89606205289962 7
0.0257473570092375 4.10550209330435 19
-1.78745249474026 3.96206586586626 16
6.64550453707195 3.84846222118394 41
2.34188261191405 3.92381973275832 24
6.30389797314451 4.15738402497112 23
0.559216416027668 4.22379299506888 4
0.510459650994166 4.1650531579551 19
3.43591982408858 4.56837088011187 20
3.17326573873396 4.2933743931581 20
1.64131250339091 4.07192743207845 12
8.56716101795768 3.83505747654467 40
4.55916110188647 4.7297850326794 1
2.71899348875749 4.16935387510958 20
3.40899391289465 3.828919913966 20
4.19437074301272 4.04662302077024 23
1.3840580151216 3.91890167487909 15
7.64767358419941 3.93132394544355 41
0.298335373706879 3.76662416485253 44
5.12256925463792 4.02921133624652 48
5.70979881521384 4.07979005966203 14
5.17823559117313 3.73061446931014 34
15.770136389531 3.19171196676922 36
4.07842432485528 3.93628133683637 11
7.26746607532126 4.00737945758037 28
7.8528357852139 4.14856844352763 32
2.70982629567892 4.0147837920447 6
0.129463115204711 4.10334972368426 30
1.55874906634747 3.72555695635739 33
8.28589881581449 4.17779381431761 10
3.21264360290951 4.17972218246354 23
3.84996872529257 4.06291276725724 46
8.72048556027423 4.33931860903794 29
5.47058297134037 4.10111711781965 48
1.52124756823834 4.06609106745948 38
14.3838952330944 4.06701097603592 36
6.96900453964691 4.10923264425987 28
6.02985372402168 4.26503097637184 49
6.61438703856712 4.11304759913218 48
3.48178493274073 4.16579965392177 9
6.70910725822802 3.71590661150229 28
-0.574111042484361 3.90737562072697 33
0.585634699469295 4.36924239744812 6
7.08189744674444 3.69402406237156 2
5.83485662414659 4.06451709684903 39
4.31676986898788 4.10125070135838 48
2.38336977229223 4.24395083045236 6
8.17055385369428 3.91278081586502 21
7.42822295916652 4.03965635987282 2
10.293993504099 3.55918623336471 21
4.11983659775575 4.08464901177498 11
5.45892493981188 3.83335874261018 46
1.53772668703108 3.94033834391809 12
9.1518931632436 3.7030586793857 50
6.37115273280926 4.09623383044214 14
3.35114328720958 4.16664487891362 27
8.30087828157843 3.92384652763557 48
2.37938019088918 4.45625276602157 46
5.16788006073203 4.1676398426419 48
1.67657251020454 4.23715814331379 16
5.85135548083243 4.51235075041773 39
9.36662206384763 3.83722159769062 10
0.541383604163784 4.20215481821157 6
5.76232177719325 4.24664515348864 5
5.4596255264676 3.99845730097732 26
7.13082011265082 4.07976308948298 29
6.56569355432892 3.74704452431454 35
4.11164316605476 4.1175418869316 13
3.41811524115942 3.82475741709273 23
7.4702227465759 4.20342071563162 28
7.38326461148659 3.79714230400181 29
10.392564954733 4.07984937177487 47
4.40103739175703 3.78836933670909 9
5.38898077482233 3.93855920521782 2
6.12218169267297 3.61178524722363 5
4.90244053050949 4.03210850823144 1
11.035690395129 4.24636084735122 47
1.1707941187767 4.0458118807668 38
1.19568491068818 3.55844269664239 31
1.86538310601825 3.84486657584601 19
-0.203246361740724 4.41401075924968 18
-2.16674500002591 4.45245134639597 17
9.07054582894441 3.70624080799697 32
7.16967155451295 3.90832418529309 32
7.84662513855955 4.08840636223182 50
-2.63160032427543 4.07978905521697 44
